4 0.33125 0.55625 0.053125 0.0765625
5 0.29453125 0.55234375 0.0375 0.1375
0 0.3984375 0.0578125 0.11875 0.059375
2 0.7515625 0.42734375 0.025 0.0234375
4 0.73125 0.8390625 0.0328125 0.0234375
0 0.384375 0.97265625 0.1203125 0.05
0 0.4703125 0.53671875 0.040625 0.0796875
6 0.51015625 0.5265625 0.05 0.10625
4 0.7625 0.99140625 0.03125 0.0171875
3 0.8671875 0.48828125 0.025 0.0265625
6 0.21640625 0.17109375 0.0375 0.040625
6 0.78828125 0.1625 0.0328125 0.034375
6 0.875 0.0875 0.0578125 0.034375
6 0.19453125 0.79296875 0.0265625 0.0390625