4 0.33046875 0.553125 0.0546875 0.0765625
5 0.29375 0.54921875 0.0390625 0.1375
0 0.40625 0.05625 0.11875 0.0609375
2 0.753125 0.43125 0.025 0.0234375
4 0.725 0.84296875 0.0328125 0.0234375
0 0.3765625 0.9703125 0.121875 0.0515625
0 0.4703125 0.5359375 0.040625 0.0796875
6 0.51015625 0.5265625 0.053125 0.1078125
4 0.753125 0.99375 0.03125 0.0125
3 0.86796875 0.49453125 0.025 0.0265625
6 0.221875 0.16640625 0.0390625 0.0421875
6 0.79453125 0.1671875 0.0328125 0.034375
6 0.88203125 0.09453125 0.0578125 0.034375
6 0.1890625 0.7875 0.028125 0.0390625