4 0.56484375 0.665625 0.07265625 0.0484375
5 0.56328125 0.70234375 0.13515625 0.02890625
0 0.0640625 0.62421875 0.05234375 0.115625
2 0.4140625 0.25234375 0.0203125 0.0234375
4 0.8265625 0.2515625 0.02109375 0.03046875
0 0.978125 0.590625 0.04375 0.11875
0 0.53828125 0.52734375 0.078125 0.0359375
6 0.52578125 0.48828125 0.1046875 0.04453125
4 0.98046875 0.21171875 0.0203125 0.02890625
3 0.46875 0.13359375 0.0234375 0.02421875
6 0.18671875 0.80078125 0.0390625 0.0359375
6 0.14765625 0.2296875 0.03359375 0.03203125
6 0.06875 0.146875 0.03203125 0.0546875
6 0.80859375 0.78984375 0.0375 0.025