4 0.171875 0.515625 0.05625 0.0625
5 0.1832370546875 0.5907503390625 0.18341754375 0.5907854218749999 0.1869171765625 0.5757374937499999 0.1530962921875 0.562586634375 0.1464640109375 0.561417184375 0.144333796875 0.5734982343749999 0.1832370546875 0.5907503390625
4 0.1855686609375 0.5825918265625 0.183719121875 0.5930810828124999 0.1932467265625 0.5960989765625 0.1956849234375 0.584375596875 0.1855686609375 0.5825918265625
4 0.11289998125 0.56750660625 0.103769659375 0.56340864375 0.098837075 0.5625388953125 0.098542903125 0.5632489281249999 0.0975060234375 0.56912936875 0.1085322828125 0.5761984015625 0.11289998125 0.56750660625
3 0.675 0.56484375 0.1 0.08125
5 0.73515625 0.64296875 0.084375 0.0390625
4 0.17421875 0.5171875 0.0515625 0.065625
0 0.12265625 0.63671875 0.053125 0.0515625
6 0.5328125 0.56171875 0.0765625 0.1046875
0 0.5265625 0.65625 0.03125 0.040625
5 0.4921875 0.696875 0.028125 0.0234375
6 0.92421875 0.671875 0.021875 0.025