4 0.8203125 0.42734375 0.046875 0.05390625
5 0.79639205625 0.3549885296875 0.7962082171875 0.3549885296875 0.7951051812500001 0.3704348046875 0.839042784375 0.3784337703125 0.8405134999999999 0.3651941046875 0.79639205625 0.3549885296875
4 0.7849940171875 0.3525060921875 0.7844424984375 0.367676540625 0.7956566984375 0.36712488906249996 0.794921340625 0.3538852234375 0.7849940171875 0.3525060921875
4 0.8715823500000001 0.357195140625 0.8690085984374999 0.3665732359375 0.8835319078125 0.36988315312500003 0.8850026218749999 0.362435840625 0.8715823500000001 0.357195140625
3 0.31640625 0.46640625 0.0890625 0.0671875
5 0.24375 0.4 0.08125 0.02578125
4 0.81796875 0.4265625 0.04140625 0.0578125
0 0.84765625 0.3 0.046875 0.0453125
6 0.45703125 0.44453125 0.06171875 0.09453125
0 0.446875 0.35078125 0.025 0.0375
5 0.4734375 0.3046875 0.02421875 0.01796875
6 0.05234375 0.4046875 0.01875 0.021875