4 0.171875 0.515625 0.05625 0.0625
5 0.1830964484375 0.5907255453125 0.18327693750000001 0.5907606296875 0.1865108890625 0.5756658546875 0.15257890937500002 0.5624954062499999 0.14492525 0.5611458593750001 0.1428487484375 0.57292228125 0.1830964484375 0.5907255453125
4 0.1855686609375 0.5825918265625 0.183736896875 0.5929802765625001 0.19311874843750002 0.596065440625 0.195280696875 0.5843043203125 0.1855686609375 0.5825918265625
4 0.11260046093750001 0.5674438921875 0.1036724640625 0.5633915046875 0.09867319687500001 0.56251 0.0975081890625 0.5691170859375 0.108450325 0.5761588359375 0.11260046093750001 0.5674438921875
3 0.675 0.56484375 0.1 0.08125
5 0.73515625 0.64296875 0.084375 0.0390625
4 0.17421875 0.5171875 0.0515625 0.065625
0 0.12265625 0.63671875 0.053125 0.0515625
6 0.5328125 0.56171875 0.0765625 0.1046875
0 0.5265625 0.65625 0.03125 0.040625
5 0.4921875 0.696875 0.028125 0.0234375
6 0.92421875 0.671875 0.021875 0.025